{
  "asset": {
    "version": "2.0",
    "generator": "THREE.GLTFExporter"
  },
  "scenes": [
    {
      "nodes": [
        118
      ],
      "name": "AuxScene"
    }
  ],
  "scene": 0,
  "nodes": [
    {
      "name": "mixamorigHips"
    },
    {
      "name": "mixamorigSpine"
    },
    {
      "name": "mixamorigSpine1"
    },
    {
      "name": "mixamorigSpine2"
    },
    {
      "name": "mixamorigNeck"
    },
    {
      "name": "mixamorigHead"
    },
    {
      "matrix": [
        1,
        0,
        0,
        0,
        0,
        1,
        0,
        0,
        0,
        0,
        1,
        0,
        0.00015417259372144042,
        18.474671495044248,
        6.63639943134563,
        1
      ],
      "name": "mixamorigHeadTop_End"
    },
    {
      "matrix": [
        1,
        0,
        0,
        0,
        0,
        1,
        0,
        0,
        0,
        0,
        1,
        0,
        2.947914971213912,
        7.681745464722923,
        9.120731637698928,
        1
      ],
      "name": "mixamorigLeftEye"
    },
    {
      "matrix": [
        1,
        0,
        0,
        0,
        0,
        1,
        0,
        0,
        0,
        0,
        1,
        0,
        -2.9444809423886174,
        7.681745470891855,
        9.120496120352072,
        1
      ],
      "name": "mixamorigRightEye"
    },
    {
      "matrix": [
        0.9404618656528688,
        0.12445446275192291,
        0.31629506327831786,
        0,
        0.04063307247739183,
        0.8827169946715452,
        -0.468144916566119,
        0,
        -0.33746175157216246,
        0.4531244819989113,
        0.8251047044293645,
        0,
        0.0000023707482201629675,
        10.321830854706974,
        3.1424289415611706,
        1
      ],
      "name": "mixamorigHead",
      "children": [
        5,
        6,
        7,
        8
      ]
    },
    {
      "matrix": [
        0.991972655640546,
        -0.11672889520592612,
        0.04862730501783702,
        0,
        0.11695818158371325,
        0.9931350473588597,
        -0.0018870284109261141,
        0,
        -0.04807321010630558,
        0.007559241998798478,
        0.9988152102507858,
        0,
        0.000025202082524802354,
        15.032490333774035,
        0.7929047738182415,
        1
      ],
      "name": "mixamorigNeck",
      "children": [
        4,
        9
      ]
    },
    {
      "name": "mixamorigLeftShoulder"
    },
    {
      "name": "mixamorigLeftArm"
    },
    {
      "name": "mixamorigLeftForeArm"
    },
    {
      "name": "mixamorigLeftHand"
    },
    {
      "name": "mixamorigLeftHandMiddle1"
    },
    {
      "name": "mixamorigLeftHandMiddle2"
    },
    {
      "name": "mixamorigLeftHandMiddle3"
    },
    {
      "matrix": [
        1,
        0,
        0,
        0,
        0,
        1,
        0,
        0,
        0,
        0,
        1,
        0,
        3.680192506353265,
        -8.559337061342376e-8,
        0.00003276924704298523,
        1
      ],
      "name": "mixamorigLeftHandMiddle4"
    },
    {
      "matrix": [
        0.9933633822038056,
        -0.11419042571036501,
        -0.013774533003777985,
        0,
        0.11419042637663344,
        0.9934585668963727,
        -0.0007890299232437502,
        0,
        0.013774527480433564,
        -0.0007891263414204245,
        0.9999048153074306,
        0,
        3.4597600711880574,
        5.43247125506241e-7,
        -0.000026419679031164378,
        1
      ],
      "name": "mixamorigLeftHandMiddle3",
      "children": [
        17,
        18
      ]
    },
    {
      "matrix": [
        0.9712706272258328,
        -0.2362649338130253,
        -0.0284999916111259,
        0,
        0.23626493399453005,
        0.9716826708442191,
        -0.00341583545933074,
        0,
        0.02849999010645161,
        -0.0034158480135433825,
        0.9995879563816136,
        0,
        3.6139713965431923,
        0.000002660137880639013,
        0.000002462363211108709,
        1
      ],
      "name": "mixamorigLeftHandMiddle2",
      "children": [
        16,
        19
      ]
    },
    {
      "matrix": [
        0.9840130462063083,
        -0.14719410030896854,
        0.10026076602893627,
        0,
        0.14798150408997865,
        0.988990038706574,
        -0.0004212180752379332,
        0,
        -0.09909489804093563,
        0.01525122328315274,
        0.9949611053729959,
        0,
        12.77552322541311,
        0.000013342024345774917,
        0.00002041845736489023,
        1
      ],
      "name": "mixamorigLeftHandMiddle1",
      "children": [
        15,
        20
      ]
    },
    {
      "name": "mixamorigLeftHandThumb1"
    },
    {
      "name": "mixamorigLeftHandThumb2"
    },
    {
      "name": "mixamorigLeftHandThumb3"
    },
    {
      "matrix": [
        1,
        0,
        0,
        0,
        0,
        1,
        0,
        0,
        0,
        0,
        1,
        0,
        2.679404001764098,
        -1.5469446087772099,
        1.5469201125162637,
        1
      ],
      "name": "mixamorigLeftHandThumb4"
    },
    {
      "matrix": [
        0.9923315998581065,
        0.0431064178792427,
        -0.11584400089262875,
        0,
        -0.043884977545191994,
        0.9990278561013931,
        -0.004177494987525079,
        0,
        0.11555130700710078,
        0.00922927170110988,
        0.9932586349431886,
        0,
        3.394358703564734,
        -1.9597440715404275,
        1.959792843426108,
        1
      ],
      "name": "mixamorigLeftHandThumb3",
      "children": [
        24,
        25
      ]
    },
    {
      "matrix": [
        0.9756442129739413,
        0.02141785544254931,
        -0.21831088700359189,
        0,
        -0.007149338686349232,
        0.9977979586454665,
        0.06594027994224202,
        0,
        0.21924245681984336,
        -0.06277347394206756,
        0.973648927579687,
        0,
        3.6754429604848724,
        -2.1220079365194238,
        2.12201243603415,
        1
      ],
      "name": "mixamorigLeftHandThumb2",
      "children": [
        23,
        26
      ]
    },
    {
      "matrix": [
        0.9702025984997243,
        -0.08606446662535203,
        -0.22649464662473312,
        0,
        0.10071110813101006,
        0.9934543714854028,
        0.05390440024621733,
        0,
        0.22037284330015133,
        -0.07510871621439193,
        0.9725196605848327,
        0,
        3.7888094970345065,
        -2.1669967793324645,
        3.0030880813147,
        1
      ],
      "name": "mixamorigLeftHandThumb1",
      "children": [
        22,
        27
      ]
    },
    {
      "name": "mixamorigLeftHandIndex1"
    },
    {
      "name": "mixamorigLeftHandIndex2"
    },
    {
      "name": "mixamorigLeftHandIndex3"
    },
    {
      "matrix": [
        1,
        0,
        0,
        0,
        0,
        1,
        0,
        0,
        0,
        0,
        1,
        0,
        3.0779854634413084,
        7.926917078293627e-8,
        -0.000008560384782807517,
        1
      ],
      "name": "mixamorigLeftHandIndex4"
    },
    {
      "matrix": [
        0.9956688764011918,
        -0.09230126712349081,
        -0.011133955647005509,
        0,
        0.09230126831782016,
        0.9957309933460661,
        -0.0005148469912096465,
        0,
        0.011133945745927566,
        -0.0005150610649087802,
        0.9999378830551142,
        0,
        3.4151610233079737,
        5.749107856445335e-7,
        -0.000008770533086455146,
        1
      ],
      "name": "mixamorigLeftHandIndex3",
      "children": [
        31,
        32
      ]
    },
    {
      "matrix": [
        0.9544789683282623,
        -0.2961315026311764,
        -0.035721647779762326,
        0,
        0.29613150529902066,
        0.9551318457928268,
        -0.005412265397332832,
        0,
        0.035721625663397476,
        -0.005412411366171995,
        0.99934712253543,
        0,
        3.8919673185185104,
        0.0000016868665113634052,
        0.000038721546734343804,
        1
      ],
      "name": "mixamorigLeftHandIndex2",
      "children": [
        30,
        33
      ]
    },
    {
      "matrix": [
        0.947397381295669,
        -0.19583848122975467,
        0.2531511314577573,
        0,
        0.20182087392947168,
        0.9794195494435978,
        0.0023838303914337326,
        0,
        -0.2484080130250713,
        0.048832745884435425,
        0.9674238081521512,
        0,
        12.266615190848896,
        -0.2316688426354574,
        2.8220579036232216,
        1
      ],
      "name": "mixamorigLeftHandIndex1",
      "children": [
        29,
        34
      ]
    },
    {
      "name": "mixamorigLeftHandRing1"
    },
    {
      "name": "mixamorigLeftHandRing2"
    },
    {
      "name": "mixamorigLeftHandRing3"
    },
    {
      "matrix": [
        1,
        0,
        0,
        0,
        0,
        1,
        0,
        0,
        0,
        0,
        1,
        0,
        3.660115298957109,
        0.0000029061112059025618,
        4.54771331703796e-8,
        1
      ],
      "name": "mixamorigLeftHandRing4"
    },
    {
      "matrix": [
        0.9947461372940182,
        -0.10163566654396648,
        -0.012260244309111174,
        0,
        0.10163566524016103,
        0.9948214921076971,
        -0.0006247863809128471,
        0,
        0.012260255117466586,
        -0.0006245742513917101,
        0.9999246451863097,
        0,
        3.307317039683994,
        0.000004531744281166539,
        -0.000020893264705890147,
        1
      ],
      "name": "mixamorigLeftHandRing3",
      "children": [
        38,
        39
      ]
    },
    {
      "matrix": [
        0.9799009438036186,
        -0.1980489760331138,
        -0.023890262905258926,
        0,
        0.19804897179668676,
        0.9801892135196975,
        -0.00238991398278783,
        0,
        0.02389029802498182,
        -0.0023895628899581753,
        0.99971173028389,
        0,
        3.6011906045566207,
        0.00000151293676253772,
        0.00003511219391150178,
        1
      ],
      "name": "mixamorigLeftHandRing2",
      "children": [
        37,
        40
      ]
    },
    {
      "matrix": [
        0.9930682735145508,
        -0.11302910627009055,
        -0.03224632513377218,
        0,
        0.11306291602430243,
        0.9935875253850449,
        -0.0007788540241871571,
        0,
        0.03212757956849391,
        -0.002872408274259227,
        0.9994796485759686,
        0,
        12.147004872613891,
        0.009894983085416698,
        -2.2166291953179513,
        1
      ],
      "name": "mixamorigLeftHandRing1",
      "children": [
        36,
        41
      ]
    },
    {
      "name": "mixamorigLeftHandPinky1"
    },
    {
      "name": "mixamorigLeftHandPinky2"
    },
    {
      "name": "mixamorigLeftHandPinky3"
    },
    {
      "matrix": [
        1,
        0,
        0,
        0,
        0,
        1,
        0,
        0,
        0,
        0,
        1,
        0,
        2.92386909914633,
        0.000001440737719349272,
        0.000018732128202358922,
        1
      ],
      "name": "mixamorigLeftHandPinky4"
    },
    {
      "matrix": [
        0.9971146269877647,
        -0.07536427285983607,
        -0.00909103590695914,
        0,
        0.07536427248662983,
        0.9971560101723617,
        -0.0003431056457270566,
        0,
        0.009091039000821425,
        -0.0003430236599623257,
        0.9999586168154013,
        0,
        2.5948359963702785,
        5.939040192970424e-8,
        -0.000036009021064487,
        1
      ],
      "name": "mixamorigLeftHandPinky3",
      "children": [
        45,
        46
      ]
    },
    {
      "matrix": [
        0.9793324764505047,
        -0.19678346693493215,
        0.04673509891846569,
        0,
        0.1964602108948733,
        0.9804448533084068,
        0.011457609784387939,
        0,
        -0.04807585532252338,
        -0.002039222375778499,
        0.9988416059645222,
        0,
        4.136652323197438,
        0.000002299953393958276,
        0.000026898435802280574,
        1
      ],
      "name": "mixamorigLeftHandPinky2",
      "children": [
        44,
        47
      ]
    },
    {
      "matrix": [
        0.9683817496588871,
        -0.07800456476389428,
        -0.2369642932078677,
        0,
        0.08089653540150843,
        0.9967193938547119,
        0.0024901053340042733,
        0,
        0.23599266713086944,
        -0.021580962456233685,
        0.9715151694276062,
        0,
        10.908194869669373,
        -0.22636495394570488,
        -4.725817837734139,
        1
      ],
      "name": "mixamorigLeftHandPinky1",
      "children": [
        43,
        48
      ]
    },
    {
      "matrix": [
        0.991729929280609,
        0.12377798382998373,
        -0.033922824149675526,
        0,
        -0.12595472942809122,
        0.9894131490579882,
        -0.07209040498519845,
        0,
        0.024640483233935466,
        0.07576695239494513,
        0.9968210548921368,
        0,
        27.614464656113938,
        0.00002895180878681458,
        0.000019646586815191824,
        1
      ],
      "name": "mixamorigLeftHand",
      "children": [
        14,
        21,
        28,
        35,
        42,
        49
      ]
    },
    {
      "matrix": [
        0.9992526033028822,
        8.906633269356499e-8,
        0.03865533291663129,
        0,
        -8.827952541813589e-8,
        0.9999999999999959,
        -2.2061304903415046e-8,
        0,
        -0.038655332916633096,
        1.863234184454384e-8,
        0.999252603302886,
        0,
        27.404684179900187,
        0.00003912667835948014,
        0.000006588110090355315,
        1
      ],
      "name": "mixamorigLeftForeArm",
      "children": [
        13,
        50
      ]
    },
    {
      "matrix": [
        0.5913102935044168,
        -0.6193312176716907,
        -0.5165084409833792,
        0,
        0.7913760134698751,
        0.5688599027032261,
        0.22388033822873232,
        0,
        0.15516485457186605,
        -0.5411351433405376,
        0.8264965942456313,
        0,
        12.655036767556368,
        -0.2659345109450726,
        -2.6009218841198996,
        1
      ],
      "name": "mixamorigLeftArm",
      "children": [
        12,
        51
      ]
    },
    {
      "matrix": [
        0.9754051542707562,
        -0.22040994559839946,
        -0.002059499124370043,
        0,
        0.22041876077715725,
        0.9753337308095458,
        0.01181880187347336,
        0,
        -0.0005962824792079531,
        -0.01198207250740405,
        0.9999280346042335,
        0,
        6.105824438172793,
        9.110423883927467,
        0.7055508256764078,
        1
      ],
      "name": "mixamorigLeftShoulder",
      "children": [
        11,
        52
      ]
    },
    {
      "name": "mixamorigRightShoulder"
    },
    {
      "name": "mixamorigRightArm"
    },
    {
      "name": "mixamorigRightForeArm"
    },
    {
      "name": "mixamorigRightHand"
    },
    {
      "name": "mixamorigRightHandMiddle1"
    },
    {
      "name": "mixamorigRightHandMiddle2"
    },
    {
      "name": "mixamorigRightHandMiddle3"
    },
    {
      "matrix": [
        1,
        0,
        0,
        0,
        0,
        1,
        0,
        0,
        0,
        0,
        1,
        0,
        -3.6801925063555103,
        -6.576054829565692e-7,
        0.000032509808927549955,
        1
      ],
      "name": "mixamorigRightHandMiddle4"
    },
    {
      "matrix": [
        0.9798073845270369,
        0.19847655579749027,
        0.024177369604738163,
        0,
        -0.19847655971059805,
        0.9801026377122384,
        -0.0024236301199496565,
        0,
        -0.02417733748128158,
        -0.002423950552024671,
        0.9997047468147725,
        0,
        -3.4597600711878016,
        -1.972182417375734e-7,
        -0.00002645788967292617,
        1
      ],
      "name": "mixamorigRightHandMiddle3",
      "children": [
        60,
        61
      ]
    },
    {
      "matrix": [
        0.9704911365964989,
        0.23936738378908343,
        0.029158359303724596,
        0,
        -0.2393673836525355,
        0.9709226076780548,
        -0.003542045538827008,
        0,
        -0.02915836042467676,
        -0.0035420363110605056,
        0.999568528918444,
        0,
        -3.6139713965426523,
        0.000002756501828571345,
        0.000003080337483751805,
        1
      ],
      "name": "mixamorigRightHandMiddle2",
      "children": [
        59,
        62
      ]
    },
    {
      "matrix": [
        0.9724376785535775,
        0.23145201605730123,
        0.02819440347541434,
        0,
        -0.2314520178045916,
        0.9728406945825145,
        -0.003308357750900684,
        0,
        -0.028194389131646194,
        -0.0033084799887125897,
        0.9995969839710592,
        0,
        -12.77552322542057,
        0.000008945773629420728,
        0.000018011638241333117,
        1
      ],
      "name": "mixamorigRightHandMiddle1",
      "children": [
        58,
        63
      ]
    },
    {
      "name": "mixamorigRightHandThumb1"
    },
    {
      "name": "mixamorigRightHandThumb2"
    },
    {
      "name": "mixamorigRightHandThumb3"
    },
    {
      "matrix": [
        1,
        0,
        0,
        0,
        0,
        1,
        0,
        0,
        0,
        0,
        1,
        0,
        -2.6794035741417446,
        -1.546945599657846,
        1.5469198622997253,
        1
      ],
      "name": "mixamorigRightHandThumb4"
    },
    {
      "matrix": [
        0.7185987697149557,
        -0.056571211192856824,
        0.6931201405547771,
        0,
        -0.04803303029408931,
        0.9902679293662329,
        0.13062257410346934,
        0,
        -0.6937641235890393,
        -0.12715788189814436,
        0.7088880290288796,
        0,
        -3.3943578526282607,
        -1.9597457958649898,
        1.9597925929644253,
        1
      ],
      "name": "mixamorigRightHandThumb3",
      "children": [
        67,
        68
      ]
    },
    {
      "matrix": [
        0.9886588367725982,
        -0.016041429264931184,
        0.1493197148135578,
        0,
        0.00387055746142001,
        0.996670315753953,
        0.08144507684635945,
        0,
        -0.1501290227431121,
        -0.07994344441359628,
        0.9854290042918752,
        0,
        -3.6754426784241616,
        -2.1220086299730383,
        2.1220122311266065,
        1
      ],
      "name": "mixamorigRightHandThumb2",
      "children": [
        66,
        69
      ]
    },
    {
      "matrix": [
        0.9914589076690062,
        -0.11265069064189309,
        0.06571952035711427,
        0,
        0.11448997571388314,
        0.9931119366631321,
        -0.024914372469589996,
        0,
        -0.06246021869237338,
        0.032225803208353276,
        0.9975270514701138,
        0,
        -3.7888093170988526,
        -2.1669982168285173,
        3.003087271045825,
        1
      ],
      "name": "mixamorigRightHandThumb1",
      "children": [
        65,
        70
      ]
    },
    {
      "name": "mixamorigRightHandIndex1"
    },
    {
      "name": "mixamorigRightHandIndex2"
    },
    {
      "name": "mixamorigRightHandIndex3"
    },
    {
      "matrix": [
        1,
        0,
        0,
        0,
        0,
        1,
        0,
        0,
        0,
        0,
        1,
        0,
        -3.0779854634405552,
        -9.372842271204718e-7,
        -0.00000878057959541323,
        1
      ],
      "name": "mixamorigRightHandIndex4"
    },
    {
      "matrix": [
        0.9817096488045465,
        0.18898723604901552,
        0.023021559391078465,
        0,
        -0.18898723569262227,
        0.9819770907242783,
        -0.0021954837302668004,
        0,
        -0.023021562316760953,
        -0.002195453051721075,
        0.999732558080268,
        0,
        -3.4151610233084284,
        2.529913842863607e-7,
        -0.000008605841924413937,
        1
      ],
      "name": "mixamorigRightHandIndex3",
      "children": [
        74,
        75
      ]
    },
    {
      "matrix": [
        0.9817096747543296,
        0.18898711643950253,
        0.02302142439525722,
        0,
        -0.18898711797624299,
        0.9819771133570305,
        -0.0021953872552920176,
        0,
        -0.023021411779868058,
        -0.0021955195396523427,
        0.9997325613972946,
        0,
        -3.8919673185307175,
        -7.205551355582429e-8,
        0.00003751302569421355,
        1
      ],
      "name": "mixamorigRightHandIndex2",
      "children": [
        73,
        76
      ]
    },
    {
      "matrix": [
        0.981709619493777,
        0.1889873873674063,
        0.023021484464353564,
        0,
        -0.18898738806455237,
        0.9819770596042176,
        -0.002195432854587422,
        0,
        -0.023021478741358875,
        -0.0021954928655397482,
        0.9997325598895586,
        0,
        -12.26661564278325,
        -0.23167318941196413,
        2.8220555823633524,
        1
      ],
      "name": "mixamorigRightHandIndex1",
      "children": [
        72,
        77
      ]
    },
    {
      "name": "mixamorigRightHandRing1"
    },
    {
      "name": "mixamorigRightHandRing2"
    },
    {
      "name": "mixamorigRightHandRing3"
    },
    {
      "matrix": [
        1,
        0,
        0,
        0,
        0,
        1,
        0,
        0,
        0,
        0,
        1,
        0,
        -3.6601152989576207,
        0.000002046845168024447,
        6.71801108964587e-7,
        1
      ],
      "name": "mixamorigRightHandRing4"
    },
    {
      "matrix": [
        0.9772986501093539,
        0.21031172601350576,
        0.025618878417609143,
        0,
        -0.21031173150323426,
        0.9776305806292616,
        -0.002724690531575052,
        0,
        -0.02561883335102642,
        -0.002725114236400134,
        0.9996680694800469,
        0,
        -3.3073170396835536,
        0.0000037601751330385014,
        -0.000021114596577831435,
        1
      ],
      "name": "mixamorigRightHandRing3",
      "children": [
        81,
        82
      ]
    },
    {
      "matrix": [
        0.9527851290283028,
        0.3014172489638584,
        0.03671706911784656,
        0,
        -0.30141724772543893,
        0.9534754986294137,
        -0.0056674045854505865,
        0,
        -0.03671707928426071,
        -0.005667338720530135,
        0.999309630398888,
        0,
        -3.6011906045593065,
        2.3856512143538566e-7,
        0.00003486698249055564,
        1
      ],
      "name": "mixamorigRightHandRing2",
      "children": [
        80,
        83
      ]
    },
    {
      "matrix": [
        0.9582300402365016,
        0.28389996788924576,
        0.034583254050867714,
        0,
        -0.28389996814568463,
        0.9588407965398957,
        -0.005013797976885232,
        0,
        -0.034583251945716535,
        -0.005013812497388575,
        0.9993892436966059,
        0,
        -12.147004458420497,
        0.009890901811672848,
        -2.2166314832885785,
        1
      ],
      "name": "mixamorigRightHandRing1",
      "children": [
        79,
        84
      ]
    },
    {
      "name": "mixamorigRightHandPinky1"
    },
    {
      "name": "mixamorigRightHandPinky2"
    },
    {
      "name": "mixamorigRightHandPinky3"
    },
    {
      "matrix": [
        1,
        0,
        0,
        0,
        0,
        1,
        0,
        0,
        0,
        0,
        1,
        0,
        -2.9238690991468417,
        6.41227018149948e-7,
        0.000018695744747887488,
        1
      ],
      "name": "mixamorigRightHandPinky4"
    },
    {
      "matrix": [
        0.9817096031503815,
        0.18898750682453042,
        0.0230212072448736,
        0,
        -0.18898750593330632,
        0.9819770369714291,
        -0.0021954767821679585,
        0,
        -0.023021214561179514,
        -0.002195400063905352,
        0.9997325661789508,
        0,
        -2.5948359963609704,
        -9.571485577453132e-7,
        -0.00003666115482836574,
        1
      ],
      "name": "mixamorigRightHandPinky3",
      "children": [
        88,
        89
      ]
    },
    {
      "matrix": [
        0.9335316626338614,
        0.3558643596026633,
        0.04334966168613965,
        0,
        -0.35586435921007303,
        0.9345035594656816,
        -0.00797846619092877,
        0,
        -0.04334966490897694,
        -0.00797844868016153,
        0.9990281031681797,
        0,
        -4.136652323206235,
        4.31063114092467e-7,
        0.000025609582522179153,
        1
      ],
      "name": "mixamorigRightHandPinky2",
      "children": [
        87,
        90
      ]
    },
    {
      "matrix": [
        0.933531569827096,
        0.3558646204378948,
        0.043349590184113516,
        0,
        -0.35586462582722733,
        0.9345034623886118,
        -0.007978325629585089,
        0,
        -0.04334954594208599,
        -0.007978566011336978,
        0.9990281074384693,
        0,
        -10.908193901461814,
        -0.22636849720686314,
        -4.7258199028407795,
        1
      ],
      "name": "mixamorigRightHandPinky1",
      "children": [
        86,
        91
      ]
    },
    {
      "matrix": [
        0.9198669490223278,
        0.11408361038581628,
        0.37527287577338564,
        0,
        0.07201726972085366,
        0.8913753773821157,
        -0.4475080521240342,
        0,
        -0.3855623351830978,
        0.4386739947788457,
        0.8117307586699132,
        0,
        -27.614464656120738,
        0.000022661458217498875,
        0.00001832406967761102,
        1
      ],
      "name": "mixamorigRightHand",
      "children": [
        57,
        64,
        71,
        78,
        85,
        92
      ]
    },
    {
      "matrix": [
        0.9914119005953737,
        -9.719425156166896e-8,
        -0.13077631266848397,
        0,
        1.1415901339338533e-7,
        0.999999999999986,
        1.2222667194504927e-7,
        0,
        0.13077631266847026,
        -1.361062714832819e-7,
        0.9914119005953709,
        0,
        -27.40468417990868,
        0.0000328841138923508,
        0.000005275639632706941,
        1
      ],
      "name": "mixamorigRightForeArm",
      "children": [
        56,
        93
      ]
    },
    {
      "matrix": [
        0.2819062553752111,
        -0.09339267260396078,
        -0.9548856568808755,
        0,
        -0.34243655570467396,
        0.919907821224381,
        -0.19106752661245804,
        0,
        0.8962510888863964,
        0.38085089354309254,
        0.22734670500017107,
        0,
        -12.655040302470852,
        -0.26602062967975826,
        -2.600895877776021,
        1
      ],
      "name": "mixamorigRightArm",
      "children": [
        55,
        94
      ]
    },
    {
      "matrix": [
        0.9969504877934987,
        -0.0718369041524328,
        -0.03048252542177861,
        0,
        0.07201363255493484,
        0.9973923915030982,
        0.0047385995208437705,
        0,
        0.030062632628198464,
        -0.006919306393728845,
        0.9995240674240937,
        0,
        -6.105695988239993,
        9.110508995172268,
        0.7055634133882549,
        1
      ],
      "name": "mixamorigRightShoulder",
      "children": [
        54,
        95
      ]
    },
    {
      "matrix": [
        0.9997668590742077,
        -0.010523014526964572,
        -0.01885453908020339,
        0,
        0.01182132899892801,
        0.9974680627491661,
        0.07012645562215788,
        0,
        0.018068858828402194,
        -0.07033299199303744,
        0.9973599081432393,
        0,
        0.00009144071774322674,
        13.360204057729362,
        -1.6264596649700955,
        1
      ],
      "name": "mixamorigSpine2",
      "children": [
        3,
        10,
        53,
        96
      ]
    },
    {
      "matrix": [
        0.9997551597063614,
        -0.011040963340156373,
        -0.019175968422574453,
        0,
        0.012357234086553818,
        0.9974748107130312,
        0.06993783465762306,
        0,
        0.01835536439715545,
        -0.07015767299011728,
        0.9973670244571581,
        0,
        -0.00013886521146738387,
        11.645440216667907,
        -1.4223412487851823,
        1
      ],
      "name": "mixamorigSpine1",
      "children": [
        2,
        97
      ]
    },
    {
      "matrix": [
        0.9913305846962701,
        0.023252017284236058,
        -0.1293174979499778,
        0,
        0.008389532647804515,
        0.9710065790907152,
        0.2389055006242893,
        0,
        0.13112317615807031,
        -0.23791924297711706,
        0.9623934462366406,
        0,
        5.648319542253949e-7,
        9.923458836079746,
        -1.2273348559937372,
        1
      ],
      "name": "mixamorigSpine",
      "children": [
        1,
        98
      ]
    },
    {
      "name": "mixamorigRightUpLeg"
    },
    {
      "name": "mixamorigRightLeg"
    },
    {
      "name": "mixamorigRightFoot"
    },
    {
      "name": "mixamorigRightToeBase"
    },
    {
      "matrix": [
        1,
        0,
        0,
        0,
        0,
        1,
        0,
        0,
        0,
        0,
        1,
        0,
        1.1347395734162546e-7,
        4.5877412321870814e-7,
        9.99252084898879,
        1
      ],
      "name": "mixamorigRightToe_End"
    },
    {
      "matrix": [
        0.9999999996675646,
        -0.000025670902811332274,
        0.000002423965999862473,
        0,
        0.000025779583161750882,
        0.9973016999396734,
        -0.07341197912165597,
        0,
        -5.328736470562703e-7,
        0.07341197915974006,
        0.9973017002699202,
        0,
        -0.3733598523114381,
        -10.492194139040665,
        12.640663553820586,
        1
      ],
      "name": "mixamorigRightToeBase",
      "children": [
        103,
        104
      ]
    },
    {
      "matrix": [
        0.9974124947075887,
        -0.07111025105236463,
        0.010566343616051233,
        0,
        0.0675768244497352,
        0.8772269488535845,
        -0.47529596463337304,
        0,
        0.024529333856272224,
        0.4747801737591289,
        0.8797625244119741,
        0,
        0.24466944342995767,
        -42.04787162576893,
        -2.060230960513022,
        1
      ],
      "name": "mixamorigRightFoot",
      "children": [
        102,
        105
      ]
    },
    {
      "matrix": [
        0.9904611395373111,
        0.07983095464237577,
        -0.11231094884889224,
        0,
        0.016828347433971262,
        0.7388915937157186,
        0.6736141368278781,
        0,
        0.13676087625155486,
        -0.6690786331161775,
        0.730499986896533,
        0,
        -0.2446804889237697,
        -40.595435604933975,
        -0.5145280026567967,
        1
      ],
      "name": "mixamorigRightLeg",
      "children": [
        101,
        106
      ]
    },
    {
      "matrix": [
        0.9913903778750971,
        -0.0750311909237767,
        0.1073100141906385,
        0,
        0.10458508439468532,
        0.946858636326394,
        -0.3041721281704676,
        0,
        -0.07878501684452328,
        0.31277634792636516,
        0.9465536846485157,
        0,
        -9.12445372624741,
        -6.656398146185182,
        -0.05537792672543071,
        1
      ],
      "name": "mixamorigRightUpLeg",
      "children": [
        100,
        107
      ]
    },
    {
      "name": "mixamorigLeftUpLeg"
    },
    {
      "name": "mixamorigLeftLeg"
    },
    {
      "name": "mixamorigLeftFoot"
    },
    {
      "name": "mixamorigLeftToeBase"
    },
    {
      "matrix": [
        1,
        0,
        0,
        0,
        0,
        1,
        0,
        0,
        0,
        0,
        1,
        0,
        -2.0536639766532971e-7,
        9.63409630780343e-7,
        9.992520848988748,
        1
      ],
      "name": "mixamorigLeftToe_End"
    },
    {
      "matrix": [
        0.9999999999999826,
        -1.411514851183306e-7,
        -1.2199549234328677e-7,
        0,
        1.2963067622596128e-7,
        0.9959629391602189,
        -0.08976538373446942,
        0,
        1.3417350589587813e-7,
        0.08976538373445204,
        0.9959629391602199,
        0,
        0.37335983868665323,
        -10.492193038492653,
        12.640664467716384,
        1
      ],
      "name": "mixamorigLeftToeBase",
      "children": [
        112,
        113
      ]
    },
    {
      "matrix": [
        0.9583541495569846,
        -0.28408317113854964,
        -0.029224524698411206,
        0,
        0.28467626486161157,
        0.9421524665946643,
        0.17694109094576246,
        0,
        -0.022732030099050456,
        -0.17789175730342452,
        0.9837874650046369,
        0,
        -0.24466959497086904,
        -42.04799843616385,
        -2.0576411995316266,
        1
      ],
      "name": "mixamorigLeftFoot",
      "children": [
        111,
        114
      ]
    },
    {
      "matrix": [
        0.99357079689728,
        0.04660930888503397,
        -0.10317288337902147,
        0,
        -0.04161849064020979,
        0.9978812246636974,
        0.0500096260342615,
        0,
        0.10528519732760366,
        -0.04539420430534506,
        0.9934054526855611,
        0,
        0.24468018732986252,
        -40.595403677101395,
        -0.5170410628090545,
        1
      ],
      "name": "mixamorigLeftLeg",
      "children": [
        110,
        115
      ]
    },
    {
      "matrix": [
        0.9847123316271659,
        -0.1471263820852552,
        -0.09324940608792337,
        0,
        0.049305340604934925,
        0.7488689472594681,
        -0.6608814453884092,
        0,
        0.16706468037583017,
        0.6461804153371914,
        0.7446746034835074,
        0,
        9.124452968498176,
        -6.6563991848921376,
        -0.05537792672543071,
        1
      ],
      "name": "mixamorigLeftUpLeg",
      "children": [
        109,
        116
      ]
    },
    {
      "matrix": [
        0.9814164914975616,
        0.08757639298609991,
        -0.1707397033408959,
        0,
        -0.06193499823768449,
        0.9867272226442078,
        0.1501114405303151,
        0,
        0.1816197315786227,
        -0.13674708032105293,
        0.9738144125527797,
        0,
        -15.25928854581279,
        93.16582569243693,
        -0.04238537545827656,
        1
      ],
      "name": "mixamorigHips",
      "children": [
        0,
        99,
        108,
        117
      ]
    }
  ]
}